48
1
184.133326266351 
8.42863340743999 
-500.493036260543 
175.650462130126 
200.935378632665 
73.7431368796942 
-4.56152255685983 
-0.112520798731349 
-25.98339648562 
261.236174770965 
-265.856455733859 
104.348574893718 
-201.737226858431 
51.0299592133257 
-189.920409120868 
355.976830115987 
147.42076430216 
-62.5455852091288 
-168.651396067932 
-445.5798545155 
235.988096219372 
-258.696454893396 
244.72972814611 
241.757141969719 
-118.020559738472 
-331.117429287051 
-32.9776856633672 
-146.38981217611 
-35.8024358678579 
417.19109215056 
469.380134432456 
34.5584575529243 
-282.957043569099 
-284.197460521818 
102.349629146784 
-468.821229339556 
335.233830558811 
-76.8008811262604 
12.5468287145783 
143.741445056285 
145.913177108001 
116.029936845578 
54.9793299286564 
-73.9391545767316 
65.7562894765798 
-367.05187507714 
-203.509304646454 
242.874356229346 
